/dev/input/wacom-touch
217 137
4096 4096
! 7,8 15
@ 24,8 15
# 45,14 15
$ 60,20 15
% 77,27 15
^ 95,35 15
& 115,39 15
* 133,32 15
( 151,22 15
) 167,16 15
_ 186,13 15
+ 202,11 15
~ 9,22 15
1 25,22 15
2 44,26 15
3 60,35 15
4 78,43 15
5 96,51 15
6 109,56 15
7 122,49 15
8 138,43 15
9 156,34 15
0 172,29 15
- 187,25 15
= 195,24 15
B 209,22 15
T 12,36 15
q 31,37 15
w 47,42 15
e 64,50 15
r 83,58 15
t 96,64 15
y 120,66 15
u 134,60 15
i 152,51 15
o 172,44 15
p 191,41 15
[ 202,39 15
] 211,38 15
C 12,52 15
a 31,52 15
s 46,58 15
d 64,65 15
f 81,73 15
g 94,80 15
h 130,76 15
j 144,69 15
k 162,61 15
l 182,58 15
; 198,55 15
" 211,52 15
E 14,68 15
z 32,69 15
x 50,74 15
c 70,83 15
v 85,90 15
b 95,94 15
n 132,90 15
m 144,84 15
, 159,77 15
. 177,70 15
/ 193,69 15
\ 208,68 15
A 60,92 15
P 75,102 15
S 88,117 15
W 107,113 15
B 134,112 15
R 148,100 15
A 162,90 15
H 175,106 15
J 192,100 15
K 189,86 15
L 207,95 15
