/dev/input/wacom-touch
217 137
4096 4096
! 11,22 16
@ 25,23 16
# 46,23 16
$ 61,32 16
% 77,39 16
^ 94,47 16
& 113,52 16
* 131,45 16
( 150,37 16
) 170,30 16
_ 187,31 16
+ 206,31 16
~ 8,39 16
1 27,38 16
2 43,40 16
3 59,48 16
4 77,56 16
5 93,63 16
6 109,69 16
7 121,64 16
8 135,58 16
9 152,51 16
0 170,46 16
- 182,48 16
= 195,48 16
D 211,48 16
T 13,52 16
q 33,54 16
w 50,58 16
e 64,64 16
r 80,70 16
t 93,77 16
y 104,81 16
y 118,79 16
u 132,73 16
i 150,65 16
o 165,62 16
p 178,62 16
[ 191,63 16
] 208,64 16
C 11,68 16
a 30,68 16
s 46,71 16
d 61,77 16
f 78,85 16
g 91,89 16
h 128,89 16
j 140,85 16
k 154,80 16
l 170,77 16
; 187,77 16
" 199,77 16
R 211,78 16
E 11,82 16
z 33,84 16
x 51,86 16
c 68,93 16
v 81,99 16
b 92,102 16
b 124,103 16
n 136,101 16
m 150,95 16
, 164,92 16
. 175,93 16
/ 189,93 16
\ 207,93 16
A 57,101 16
P 74,108 16
S 90,118 16
W 111,123 16
B 127,119 16
R 141,111 16
M 156,106 16
H 168,120 16
J 183,116 16
K 181,106 16
L 198,112 16
